✨ Yeni istek web veritabanından alındı: 10423603740
📊 Debug - Alınan veri:
   - TC: 10423603740
   - Email: by.krsngr@gmail.com
   - Face Data: 0 adet
   - Raw Face Data: []
❌ Hiç embedding verisi bulunamadı
✨ Yeni istek web veritabanından alındı: 35165221960
📊 Debug - Alınan veri:
   - TC: 35165221960
   - Email: by.krsngr@gmail.com
   - Face Data: 1 adet
   - Raw Face Data: [{'id': '0-1-1754267950900', 'quality': 'good', 'embedding': [0.210395, -0.799555, 0.934761, -1.262146, 0.639685, 1.029867, 0.649979, -0.225464, 0.568871, 1.183277, -0.97875, 0.952753, -1.334279, -1.533255, 0.146225, 0.227122, -0.270561, 0.889099, -0.939227, 0.241475, -0.759502, 1.014813, 0.510902, -0.37492, 1.984371, -0.36966, -1.789778, -0.332, -0.582238, 0.435854, 1.617845, -2.872395, 0.622714, 1.879479, -1.393, -0.453483, -0.037271, 0.090651, -0.16997, 1.315329, -0.75095, 1.713594, -2.508013, 0.640866, 1.286112, 0.629513, 1.197427, 0.357116, 0.105384, 0.522533, -0.391074, 0.146714, -0.552319, 0.079591, -0.215422, 0.030076, 0.507718, 0.956746, 0.947007, -1.133808, -0.584981, 0.077597, -1.337015, -1.410243, -1.256454, 1.62182, -0.478019, 1.184621, -1.418973, -0.536324, -1.087078, -1.128036, 2.531838, 0.574965, -0.212379, 2.013203, -2.346819, -0.671014, -1.681944, 0.06879, 0.204355, -1.321144, -0.796908, -0.375075, 0.151053, 0.992243, 0.382801, -2.026942, 1.261747, -0.149786, 0.629004, -0.05649, -0.12853, -0.017423, -1.149135, -2.663923, 1.445194, 0.047614, -0.158569, 0.642864, 0.75311, -1.312711, -0.688946, -2.823351, -0.948735, -0.386342, 1.078963, 3.274057, -0.344499, -1.980718, 1.560966, -1.774605, -1.326653, -0.774684, -0.33335, -0.222926, -0.809304, 0.929973, -1.130726, -0.604721, 0.274673, 0.12707, -0.713329, -0.172894, -0.628441, 1.601371, 2.468637, -0.37945, -0.149581, -0.946041, 0.388507, -0.431189, -0.645044, -0.524598, 0.713346, -0.217615, -0.686954, 1.929033, 1.567167, -1.598674, -2.252415, -0.133216, 0.508301, -0.228479, -1.295714, -1.052142, -1.94914, -0.157719, 1.438189, 1.837734, 0.998121, 0.174946, 0.309377, -2.348725, -0.106936, 0.143349, 0.521642, 1.045937, 0.566106, 1.618601, 0.15752, -0.927989, 1.040721, -0.548144, 0.501465, 0.936214, 0.401432, 0.354111, 1.244473, -1.400096, -0.160739, -0.65865, 0.133953, 1.131064, 0.634878, -1.490087, -0.816667, 0.65087, -1.415241, 1.029287, 1.103345, -0.857191, 0.327199, 0.424475, -0.264418, 2.311319, -0.076244, -0.716735, -0.671729, 0.081745, -0.4236, 0.146753, 1.955591, -0.127126, 0.797223, -0.223876, -0.095802, 0.034171, -1.31807, 1.180399, 0.496275, 1.231599, -0.929764, 1.520077, -1.039815, 0.899786, -0.221002, 3.012444, 1.198472, 0.68192, 0.099435, 1.452368, -0.191722, -1.112785, 0.969329, 0.023941, 1.580545, 0.900375, -0.47678, -1.672004, -0.847244, -1.326461, 0.461306, 0.744573, 1.489964, 1.138011, -0.606177, -0.036519, -0.274264, -0.194327, -0.158141, -0.984679, 0.339019, -0.405845, -1.171018, 0.573165, 0.980486, 1.44239, 0.244948, 0.850634, 0.003407, -1.758368, 1.479697, 0.503296, -0.721093, -1.032415, -0.408992, -0.093755, 0.965666, -2.353774, -0.689771, 0.728329, 0.905714, -0.391544, 0.103328, 1.141092, -0.070742, 2.118747, 1.382142, -0.02741, -1.367246, -1.296643, 0.423212, -0.954498, -0.742975, 0.292643, 1.950315, 1.036095, -0.377568, 0.514768, -0.631934, -0.125377, -0.679221, 0.615068, -0.176558, 0.753161, -0.387715, -0.040161, -2.691736, 0.485098, 0.13725, 1.015873, -0.241018, 2.114926, -0.317299, 3.573038, 1.978447, -0.432236, -1.87237, 0.675582, -0.56372, -0.542816, 1.187821, 0.046965, 0.878087, -0.797015, -0.290641, -0.795828, -1.144512, 0.424401, -0.204676, 0.348445, 0.409277, 0.530412, -1.387957, 0.275111, 0.592438, -0.589615, -0.444832, -0.530682, -0.78472, 0.387487, -0.680807, -0.188551, 0.297926, -0.580193, 0.352495, -1.912907, -1.218441, 0.375728, 0.386279, -0.627985, -0.464194, 0.959369, 0.241874, 0.050198, 1.099405, -0.71049, 1.680758, 0.336322, -0.353986, -0.172273, -1.808657, -0.839863, 0.808448, 1.127439, -0.003456, 0.211813, 0.734724, 0.022155, -0.116149, -0.564734, -1.655985, 1.432978, -0.322569, 1.1579, 0.190956, -0.733305, -0.683473, -1.004985, 0.810766, 0.097485, 0.020276, 0.269046, -1.008659, -0.370743, -0.464766, -0.835947, 0.178916, 0.31999, 0.073575, 2.048196, 0.664588, -1.521024, 1.194739, -0.335723, 0.495255, -0.116444, 0.385283, 1.058867, -0.18328, 0.947293, 0.202594, 0.102791, 0.09482, -0.379065, -0.143076, 1.00572, 0.880173, -0.661171, -1.120633, 0.293623, -0.476268, -0.685474, -0.052837, 0.872296, -0.888163, -2.848857, 0.550123, 0.232542, 0.660657, -0.110976, 1.511666, 0.882137, -2.008995, -1.5699, -0.713965, -0.701848, -0.933897, 0.587033, 0.334554, -1.070519, -0.640747, -0.513629, 2.624686, 0.527498, 1.318437, 0.510461, -0.053025, -1.814092, -0.351455, 0.246069, -1.049793, -1.570558, 0.795708, 0.871123, 1.525982, -1.142553, -0.085237, 0.280688, 1.133709, 0.382601, 0.724324, 1.040751, 1.080873, 1.470219, -0.423823, 0.247929, 1.195418, 0.685587, 1.172623, 0.736019, 0.873151, -0.464682, -0.244925, 0.437303, 2.104928, 0.728909, -0.916587, 0.249746, -0.321827, -0.189795, 0.515392, 0.090927, 1.299002, 1.484904, 0.204327, 0.296509, 0.173685, 0.215089, 0.495353, 0.150155, -1.248973, 0.674537, -0.109927, -0.993289, -1.763976, 1.020615, 1.602449, 1.706936, -0.238976, -0.044724, -0.156088, 0.794278, -0.335957, -0.098268, 1.002663, -1.493785, 0.999236, -0.414874, 0.671918, -0.293956, -1.280974, 0.232535, -0.632311, 0.791703, -1.923438, 0.50979, 0.964865, 0.575846, -2.01787, 0.505912, 1.326239, 0.354358, -0.328562, -0.399001, 0.335956, -0.749367, 0.20011, 1.650514, 0.349772, -0.591904, -2.289388, 0.839542, -0.671441, -1.086637, -0.008792, 0.07704, -0.855025, 0.45997, 0.874125, -1.757043, -1.004978, -1.583751, 0.7925, -1.861002, 0.252494, 0.754756, -0.828329, 1.422791, -0.734767, 1.205819], 'confidence': 82.58189628575249}]
✅ Web'den embedding verisi alındı (boyut: 512)
✅ Toplam 1 yüz embedding'i hazır
